# Image list with two lines of data per image:
#   IMAGE_ID, QW, QX, QY, QZ, TX, TY, TZ, CAMERA_ID, NAME
#   POINTS2D[] as (X, Y, POINT3D_ID)
# Number of images: 48, mean observations per image: 0
1 0.0000000309086197 0.0000000309086197 -0.7071067690849304 0.7071067690849304 0.0000012234794440 -0.0000010565911452 13.9949731826782227 1 0000.png

2 0.0692432597279549 0.0843611136078835 -0.7683487534523010 0.6306574344635010 -0.0000002451872092 -0.0000000129327216 13.9949741363525391 1 0001.png

3 0.0161410328000784 0.0105398092418909 0.5466390252113342 -0.8371464610099792 -0.0000004825538440 0.0000004701643377 13.9949741363525391 1 0002.png

4 0.0904872342944145 0.1362703591585159 0.8218427896499634 -0.5457260012626648 0.0000004753774476 0.0000024874434530 13.9949741363525391 1 0003.png

5 0.2135570347309113 0.1937151402235031 -0.6433278322219849 0.7092229127883911 0.0000004743243949 0.0000008596264252 13.9949731826782227 1 0004.png

6 0.2348430305719376 0.1664997041225433 0.5538862347602844 -0.7812404632568359 0.0000010327210020 0.0000011225428125 13.9949731826782227 1 0005.png

7 0.0480825826525688 0.1034220978617668 -0.9008734822273254 0.4188304245471954 0.0000000748360094 0.0000000270148952 13.9949741363525391 1 0006.png

8 0.1959134638309479 0.0930451825261116 -0.4187937974929810 0.8818005919456482 -0.0000009815947806 0.0000013687415503 13.9949731826782227 1 0007.png

9 0.2426514327526093 0.3158983588218689 0.7274124622344971 -0.5587482452392578 0.0000004967682230 -0.0000008481815144 13.9949750900268555 1 0008.png

10 0.2485443502664566 0.3388072848320007 -0.7316706180572510 0.5367434024810791 -0.0000029605469081 -0.0000009090896356 13.9949741363525391 1 0009.png

11 0.2503685057163239 0.0964884683489799 0.3464187979698181 -0.8988879919052124 0.0000007739198509 0.0000003697566910 13.9949741363525391 1 0010.png

12 0.0683191940188408 0.2096386998891830 0.9273853898048401 -0.3022258579730988 0.0000007242497873 0.0000002253727303 13.9949741363525391 1 0011.png

13 0.4047201871871948 0.2532425522804260 -0.4660838842391968 0.7448728680610657 -0.0000015653935179 0.0000018597214648 13.9949731826782227 1 0012.png

14 0.4029108881950378 0.3316911756992340 0.5421566963195801 -0.6585666537284851 0.0000014465002778 0.0000009576477851 13.9949750900268555 1 0013.png

15 0.1568066626787186 0.4132085740566254 -0.8386760354042053 0.3182653486728668 -0.0000004410741496 0.0000002905562724 13.9949731826782227 1 0014.png

16 0.1562189161777496 0.0309284720569849 -0.1917336732149124 0.9684406518936157 -0.0000012279501789 0.0000003748388337 13.9949760437011719 1 0015.png

17 0.2410207688808441 0.4902877509593964 0.7516586184501648 -0.3695081174373627 -0.0000006282140248 0.0000003402945765 13.9949731826782227 1 0016.png

18 0.4166747629642487 0.4335610270500183 -0.5760882496833801 0.5536509752273560 -0.0000011936466535 0.0000031195161228 13.9949741363525391 1 0017.png

19 0.5347151756286621 0.2308509349822998 0.3222008049488068 -0.7463070154190063 -0.0000011953402463 -0.0000006730107316 13.9949750900268555 1 0018.png

20 0.0114673590287566 0.1154087707400322 -0.9883847236633301 0.0982088521122932 -0.0000001734537847 0.0000002045402994 13.9949741363525391 1 0019.png

21 0.5823748707771301 0.2154528647661209 -0.2719739377498627 0.7351528406143188 0.0000000105182636 0.0000009829273040 13.9949741363525391 1 0020.png

22 0.4399744272232056 0.5027496218681335 0.5599446296691895 -0.4900278747081757 0.0000003616133597 -0.0000011932033885 13.9949731826782227 1 0021.png

23 0.3148914575576782 0.6016658544540405 -0.6503705382347107 0.3403818309307098 0.0000001656904658 -0.0000000092605639 13.9949741363525391 1 0022.png

24 0.6679729223251343 0.0745480209589005 0.0821259841322899 -0.7358737587928772 0.0000001125288094 0.0000002286770098 13.9949731826782227 1 0023.png

25 0.1858883947134018 0.6977306008338928 0.6685037612915039 -0.1781018078327179 0.0000000990004523 0.0000004738519408 13.9949741363525391 1 0024.png

26 0.5896223783493042 0.4310894608497620 -0.4031181931495667 0.5513647794723511 -0.0000029393511340 0.0000005376516015 13.9949722290039062 1 0025.png

27 0.6290675401687622 0.4034821689128876 0.3587212860584259 -0.5592810511589050 0.0000000014105892 0.0000004805361868 13.9949731826782227 1 0026.png

28 0.1730117052793503 0.8073377013206482 -0.5516322851181030 0.1182142421603203 -0.0000009936737797 0.0000006718187251 13.9949731826782227 1 0027.png

29 0.8491504788398743 0.1692627966403961 -0.0978004410862923 0.4906411170959473 -0.0000004792703976 -0.0000002940453783 13.9949731826782227 1 0028.png

30 0.4157570898532867 0.6770200729370117 0.5174925327301025 -0.3177913725376129 0.0000010769380197 0.0000018405032733 13.9949741363525391 1 0029.png

31 0.4925598502159119 0.6324777007102966 -0.4716406762599945 0.3673035204410553 -0.0000012277554333 0.0000014050715436 13.9949750900268555 1 0030.png

32 0.8287125229835510 0.2784269154071808 0.1546236872673035 -0.4602233171463013 0.0000001643494585 0.0000023752545530 13.9949741363525391 1 0031.png

33 0.1972133666276932 0.9588232040405273 0.2001745104789734 -0.0411724410951138 0.0000002732834332 0.0000006277911098 13.9949722290039062 1 0032.png

34 0.7617862820625305 0.4045492708683014 -0.2373173832893372 0.4468802809715271 -0.0000001027897127 0.0000006488917279 13.9949731826782227 1 0033.png

35 0.6234965324401855 0.5790235400199890 0.3574900329113007 -0.3849476575851440 0.0000014344220745 0.0000008530896025 13.9949760437011719 1 0034.png

36 0.3837475478649139 0.8192886114120483 -0.3858084380626678 0.1807092428207397 -0.0000006016359748 -0.0000003037414444 13.9949750900268555 1 0035.png

37 0.9609266519546509 0.2767759859561920 0.0010747213382274 -0.0037312789354473 -0.0000000093374481 0.0000014306128833 13.9949722290039062 1 0036.png

38 0.4117588102817535 0.8316426873207092 0.3339066505432129 -0.1653222441673279 0.0000001820873479 -0.0000016928220248 13.9949722290039062 1 0037.png

39 0.6588258743286133 0.6125977039337158 -0.2973427474498749 0.3197809457778931 -0.0000004751506992 -0.0000007632892789 13.9949741363525391 1 0038.png

40 0.7955045104026794 0.4872274398803711 0.1881590038537979 -0.3072103261947632 0.0000004247627601 0.0000000000000113 13.9949722290039062 1 0039.png

41 0.3853828907012939 0.9183906316757202 -0.0826745703816414 0.0346926040947437 0.0000000371494266 0.0000009596321888 13.9949750900268555 1 0040.png

42 0.8627157807350159 0.4549162089824677 -0.1030096039175987 0.1953503340482712 0.0000000000000000 0.0000000000000000 13.9949722290039062 1 0041.png

43 0.6133646368980408 0.7230046391487122 0.2424024045467377 -0.2056433111429214 -0.0000009677982007 -0.0000005727828807 13.9949741363525391 1 0042.png

44 0.5883573889732361 0.7634730935096741 -0.2109755426645279 0.1625846326351166 0.0000004346069602 0.0000014514159830 13.9949731826782227 1 0043.png

45 0.8499862551689148 0.5179734230041504 0.0499859564006329 -0.0820261687040329 0.0000005255046176 0.0000023857803626 13.9949731826782227 1 0044.png

46 0.5576086640357971 0.8260104656219482 0.0682424157857895 -0.0460678860545158 -0.0000000813031349 -0.0000004703719867 13.9949741363525391 1 0045.png

47 0.7429164648056030 0.6561232209205627 -0.0877635478973389 0.0993730872869492 -0.0000002379158417 -0.0000008677905043 13.9949741363525391 1 0046.png

48 0.7071067690849304 0.7071067690849304 0.0000000000000000 0.0000000000000000 0.0000000000000000 -0.0000010565911452 13.9949731826782227 1 0047.png

